7
3 8
8 1 0
2 7 4 4
4 5 2 6 5
1 2 3 4 5 6
1 2 3 4 5 6 7
1 2 3 4 5 6 7 8
1 2 3 4 5 6 7 8 9
1 2 3 4 5 6 7 8 9 1
1 2 3 4 5 6 6 6 5 4 3
1 2 3 4 5 6 7 8 9 2 4 1
1 2 3 4 5 6 7 8 9 2 4 1 1
1 2 3 4 5 6 7 8 9 2 4 1 1 2
1 2 3 4 5 6 7 8 9 2 4 1 1 2 5
1 2 3 4 5 6 7 8 9 2 4 1 1 2 5 7
1 2 3 4 5 6 7 8 9 2 4 1 1 2 5 7 9
1 2 3 4 5 6 7 8 9 2 4 1 1 2 5 7 3 2
1 2 3 4 5 6 7 8 9 2 4 1 1 2 5 7 2 4 6
1 2 3 4 5 6 7 8 9 2 4 1 1 2 5 7 4 3 2 1
1 2 3 4 5 6 7 8 9 2 4 1 1 2 5 7 2 4 5 6 6
1 2 3 4 5 6 7 8 9 2 4 1 1 2 5 7 2 4 5 6 6 6
1 2 3 4 5 6 7 8 9 2 4 1 1 2 5 7 2 4 5 6 6 8 9
1 2 3 4 5 6 7 8 9 2 4 1 1 2 5 7 2 4 5 6 6 4 3 2
1 2 3 4 5 6 7 8 9 2 4 1 1 2 5 7 2 4 5 6 6 3 2 1 4
1 2 3 4 5 6 7 8 9 2 4 1 1 2 5 7 2 4 5 6 6 3 2 1 4 5
1 2 3 4 5 6 7 8 9 2 4 1 1 2 5 7 2 4 5 6 6 3 2 1 4 4 6
1 2 3 4 5 6 7 8 9 2 4 1 1 2 5 7 2 4 5 6 6 3 2 1 4 4 3 2
1 2 3 4 5 6 7 8 9 2 4 1 1 2 5 7 2 4 5 6 6 3 2 1 4 3 2 5 6
1 2 3 4 5 6 7 8 9 2 4 1 1 2 5 7 2 4 5 6 6 3 2 1 4 3 2 5 6 3
