67 
3 14 
46 0 18 
85 36 89 24 
28 9 43 0 76 
81 26 10 66 75 53 
83 79 55 54 82 29 25 
48 5 31 16 60 45 14 13 
15 51 49 5 75 29 66 71 29 
42 52 7 5 71 82 10 54 14 66 
60 96 95 85 96 52 16 64 65 13 78 
30 29 82 79 86 9 60 52 80 89 46 33 
49 51 4 83 14 10 97 80 23 45 27 8 42 
32 77 6 97 42 37 27 71 71 58 57 80 18 61 
61 59 8 46 8 11 2 92 25 64 41 57 87 87 37 
48 81 69 25 87 18 67 76 97 91 47 7 48 80 77 62 
93 36 70 39 97 33 93 41 59 57 82 68 45 21 57 45 2 
78 22 42 96 41 70 45 32 18 4 33 50 81 95 43 70 65 34 
19 98 27 60 9 36 94 30 33 16 87 78 70 66 0 12 14 42 83 
60 74 53 16 7 3 98 54 46 68 71 80 39 22 59 99 31 95 93 13 
29 61 1 7 32 19 8 96 33 2 79 45 76 84 62 36 87 12 90 85 32 
62 17 71 36 76 70 67 72 15 33 53 29 34 12 13 5 20 9 38 22 41 36 
51 25 98 39 65 62 29 2 94 43 20 65 79 48 87 99 72 54 32 25 35 18 38 
48 23 10 58 13 85 51 49 88 28 99 27 45 13 56 48 7 52 20 24 83 68 11 34 
93 18 66 18 53 36 8 2 11 71 12 77 56 63 78 44 43 30 23 89 43 79 37 51 83 
57 75 67 77 39 1 70 57 20 41 62 8 49 64 20 72 28 97 80 43 75 76 87 5 99 76 
1 31 65 52 14 22 79 33 51 18 87 22 27 7 63 90 67 64 6 87 37 87 36 69 30 64 46 
17 21 45 45 22 76 10 26 43 84 6 76 36 76 63 10 56 22 73 98 42 89 56 81 78 43 70 48 
74 34 46 43 7 91 41 82 20 51 60 63 88 66 91 24 95 7 34 3 81 59 1 23 48 57 5 79 1 
75 79 27 61 25 22 20 68 63 2 88 67 63 3 55 81 95 31 28 2 65 31 35 76 32 59 76 42 16 55 
95 91 34 22 4 11 96 24 80 12 79 68 79 42 24 86 75 19 17 4 73 82 35 8 10 20 19 86 62 35 42 
57 78 28 31 82 40 27 59 72 91 38 92 70 32 16 8 7 35 25 11 60 59 99 21 69 19 40 56 33 76 50 90 
54 78 21 89 70 0 48 42 92 86 35 14 18 51 75 77 39 0 41 51 12 40 72 81 11 13 89 44 89 91 86 95 70 
59 36 92 11 36 35 3 22 22 70 92 25 45 70 64 97 11 16 9 3 88 43 66 53 84 62 94 76 48 42 98 59 78 90 
70 15 77 26 89 99 96 34 77 93 4 93 42 67 9 52 22 50 47 88 55 83 2 50 59 50 92 9 9 22 0 31 89 29 57 
