25 
82 83 
93 99 88 
57 26 15 70 
23 21 20 1 92 
45 1 16 68 59 69 
88 86 57 21 94 23 97 
59 19 74 84 53 57 78 53 
46 35 31 13 6 54 35 78 7 
79 23 60 48 43 20 17 83 58 26 
4 52 1 53 11 72 28 48 26 37 26 
79 35 13 62 1 71 16 88 1 75 67 76 
36 15 19 8 32 2 66 10 59 18 11 12 81 
84 92 29 10 30 7 41 65 73 3 18 44 71 6 
46 98 74 74 34 89 94 42 74 48 60 36 59 30 48 
24 12 84 16 93 46 46 53 87 64 26 42 82 22 65 41 
20 63 15 95 98 56 41 92 30 41 53 19 1 83 67 25 47 
3 41 93 49 40 46 88 56 72 30 90 46 95 31 67 58 46 62 
8 55 3 53 85 44 6 4 97 41 23 74 89 78 68 34 27 60 80 
67 16 4 49 6 50 44 90 17 55 88 31 15 43 34 68 81 31 26 37 
80 68 13 55 9 91 75 43 71 35 75 38 51 79 88 9 29 84 51 99 91 
40 30 7 83 17 27 64 0 54 54 80 74 67 87 35 58 62 30 29 97 5 68 
0 36 8 10 65 92 61 16 84 53 47 43 37 16 22 53 16 28 7 96 54 26 36 
89 85 98 19 66 48 76 34 48 12 42 10 30 87 24 46 23 77 45 66 66 61 40 72 
77 69 31 26 23 58 62 65 43 12 36 9 60 13 96 9 77 90 71 7 29 95 6 52 73 
51 70 91 65 11 63 42 80 95 20 55 53 82 20 48 47 57 9 7 22 5 68 99 48 40 7 
77 35 13 82 60 16 52 52 81 63 15 76 95 62 96 3 15 31 23 63 30 32 25 37 54 30 6 
54 30 98 13 60 33 26 42 46 94 94 98 76 10 65 4 57 28 52 60 95 35 36 11 65 20 36 3 
75 18 61 81 49 59 94 9 44 72 3 42 18 49 92 94 59 58 50 69 38 3 81 33 38 17 44 56 38 
32 59 65 51 72 98 0 83 44 61 79 16 64 22 34 13 14 81 25 72 83 94 62 86 75 48 77 45 44 33 
35 77 44 52 28 16 50 80 51 94 41 30 62 57 52 96 22 67 29 99 91 13 45 54 51 73 2 28 18 46 13 
5 75 57 57 3 25 7 83 76 1 76 7 15 85 59 63 60 78 93 59 70 58 5 76 9 30 78 90 48 76 3 5 
52 13 62 7 38 21 43 15 74 19 22 89 57 33 52 17 12 97 28 34 55 85 10 17 15 40 59 15 16 62 20 20 27 
34 80 66 55 23 81 29 94 55 70 51 40 23 20 52 20 49 86 28 34 48 45 50 88 56 65 5 70 38 77 98 72 57 64 
28 32 97 9 27 52 80 30 92 3 51 97 75 0 35 3 86 84 0 88 24 8 54 81 79 44 59 77 16 68 93 96 1 90 6 
80 94 86 10 86 41 13 35 68 65 23 24 52 59 76 40 83 85 46 65 64 90 76 93 7 96 86 3 97 76 61 29 70 99 40 8 
92 53 96 61 71 71 37 23 30 65 15 65 50 62 82 66 4 10 11 63 7 97 19 56 25 80 86 47 32 78 56 24 83 4 37 54 75 
26 29 57 92 45 74 42 59 57 61 63 19 72 79 26 22 98 83 47 30 21 95 62 51 3 39 34 59 76 41 86 3 70 43 95 15 69 89 
74 26 50 90 46 75 69 24 97 19 59 96 49 32 43 64 83 98 3 18 57 79 11 43 34 81 38 81 49 8 71 75 86 73 65 84 48 86 9 
97 5 20 94 55 53 37 19 36 36 74 6 45 5 17 89 40 51 79 73 0 39 96 75 26 70 41 62 70 79 23 68 85 44 14 92 97 51 63 85 
39 37 44 85 42 61 26 34 12 57 8 12 97 56 40 75 26 81 37 49 60 61 17 97 57 31 89 6 34 52 91 26 41 35 11 84 49 89 70 13 46 
30 26 43 87 18 18 65 51 8 14 11 21 83 61 78 66 50 84 1 55 27 27 48 63 90 84 64 79 55 77 77 37 55 21 24 73 91 42 24 51 56 88 
72 40 49 50 6 51 86 59 58 14 38 7 29 80 91 93 59 98 70 89 36 26 10 12 99 53 54 24 5 11 12 77 3 13 80 9 64 66 21 23 80 59 82 
9 40 73 2 51 72 73 40 60 51 2 72 50 8 27 26 13 90 90 42 93 3 22 2 20 41 75 95 21 35 77 83 27 2 37 30 26 10 23 86 61 77 59 64 
85 38 90 50 28 33 45 21 36 67 75 56 60 51 3 82 38 80 17 17 35 54 47 61 17 22 0 30 0 11 94 85 49 37 88 29 70 33 2 58 0 77 67 13 80 
70 47 70 3 64 87 38 18 87 51 35 9 51 66 9 62 12 47 63 1 35 92 23 68 94 82 20 24 49 33 56 71 80 27 74 44 14 64 15 1 68 2 11 19 20 72 
34 33 19 49 86 54 94 10 22 40 92 95 64 93 28 21 64 9 48 91 5 14 7 72 16 75 75 79 47 95 3 81 80 23 82 19 29 76 29 4 17 73 99 33 66 27 54 
82 88 54 25 46 69 33 18 37 60 93 68 7 41 71 40 73 94 23 92 76 99 21 80 68 94 31 2 12 58 8 47 99 63 72 97 84 57 15 73 70 61 41 77 54 12 70 27 
59 93 72 35 44 93 67 13 40 98 67 4 8 75 51 7 90 76 56 74 85 72 47 55 85 40 85 39 53 55 18 64 0 90 99 96 36 66 61 28 64 28 32 24 56 36 32 46 64 
88 21 1 12 20 57 49 13 42 88 66 49 59 30 49 49 81 97 37 99 59 65 15 87 50 39 43 38 23 42 54 12 15 55 76 87 12 26 0 6 66 66 55 25 48 56 27 81 6 16 
80 65 82 95 4 84 35 0 22 58 42 76 22 57 83 51 44 96 29 45 54 95 63 62 73 64 70 52 45 76 68 26 41 2 21 98 86 8 98 60 19 92 88 41 49 72 44 45 20 73 42 
26 21 58 88 94 22 59 98 67 35 18 45 29 21 67 27 59 27 77 72 46 69 60 40 70 84 84 15 56 10 10 83 31 68 71 25 90 82 75 9 18 93 55 99 14 74 78 26 53 55 98 0 
24 10 92 94 95 28 61 51 38 71 34 69 39 58 46 81 40 21 43 10 67 50 9 33 24 39 59 77 94 9 29 18 20 73 64 15 2 26 18 40 97 5 62 89 63 60 22 55 34 17 66 1 67 
27 34 91 67 46 21 61 55 2 32 75 76 96 42 78 74 13 70 72 70 84 13 33 45 87 88 79 5 6 32 24 34 18 68 1 64 89 14 72 43 46 99 19 95 94 49 69 7 20 93 77 56 58 62 
53 98 2 32 3 9 16 79 95 35 47 96 51 88 10 75 32 9 75 51 4 69 1 25 28 73 19 57 81 29 71 35 27 73 19 82 34 36 62 29 23 9 77 74 50 40 2 82 49 77 85 5 98 86 82 
26 11 53 35 93 83 6 28 10 31 47 93 18 35 7 47 58 68 77 85 18 17 87 0 18 16 86 75 14 24 57 40 88 11 75 81 46 33 61 8 64 60 1 34 96 60 82 6 29 11 43 47 28 82 0 46 
98 86 73 12 62 30 4 50 93 31 83 91 64 44 0 81 57 53 15 5 14 49 63 43 60 7 42 88 89 42 86 88 80 11 0 43 94 5 45 87 36 29 31 53 25 31 86 34 84 1 39 50 3 3 93 63 62 
36 4 51 30 42 91 11 54 44 6 48 1 3 87 89 84 18 42 62 1 28 96 86 82 88 88 85 43 82 0 5 70 4 8 52 47 0 15 53 96 73 1 97 77 88 86 13 59 81 75 60 9 24 98 43 64 87 28 
7 21 29 64 91 85 24 43 84 76 11 37 72 84 38 69 61 79 8 27 38 89 2 50 50 78 49 94 42 88 74 1 9 55 17 52 41 42 47 25 70 58 63 43 43 53 64 56 84 24 83 74 13 38 25 64 16 26 10 
11 66 84 64 75 92 82 79 33 24 26 10 94 37 25 89 32 79 6 88 15 30 24 90 44 14 15 60 82 93 22 93 59 58 58 86 50 92 65 35 68 43 46 14 80 71 4 12 2 62 53 18 92 29 8 88 43 75 0 25 
68 22 71 79 33 81 65 83 73 82 71 93 25 17 7 6 40 63 70 43 25 23 13 18 52 73 58 95 48 59 73 68 33 96 47 66 77 64 2 2 46 73 95 71 90 2 29 82 66 0 77 43 23 90 61 28 63 20 75 11 31 
48 31 64 44 78 31 73 94 85 75 40 58 22 64 0 77 93 82 95 93 60 38 17 50 0 97 66 72 72 29 55 73 61 19 17 91 2 43 86 87 70 78 45 93 42 97 70 36 80 17 29 92 55 98 94 7 95 60 31 20 90 86 
93 3 6 62 94 60 5 32 48 76 63 45 21 5 43 43 41 23 60 23 15 15 73 61 23 21 22 54 41 64 93 86 67 99 48 13 11 54 98 59 82 61 5 3 66 0 46 60 75 58 35 42 73 60 3 48 81 25 55 74 41 48 60 
8 99 9 74 10 15 72 22 97 33 79 52 51 79 98 63 54 8 98 48 81 59 51 82 92 29 89 67 70 37 79 31 88 88 5 50 55 29 24 52 14 3 4 65 34 54 29 40 14 79 88 48 90 40 30 83 69 19 2 39 8 81 22 48 
22 27 98 77 8 23 82 22 78 38 40 65 45 69 5 59 0 94 7 91 86 37 26 7 8 28 98 68 9 21 16 31 0 67 61 9 42 43 31 72 81 23 37 26 44 43 86 45 89 45 88 27 83 14 34 43 42 32 12 3 5 80 87 6 47 
48 67 41 91 98 14 24 22 51 3 66 46 89 63 35 86 51 14 69 17 48 65 11 33 77 67 38 57 54 96 57 2 63 50 45 14 64 21 88 68 24 6 14 65 70 2 52 73 16 73 91 17 38 54 50 15 21 88 25 75 85 34 29 48 84 26 
62 1 48 2 69 72 9 83 38 79 37 90 52 54 63 95 71 54 2 73 69 23 13 46 51 98 80 80 99 17 7 13 18 55 16 87 79 25 22 69 56 60 59 60 66 75 8 89 29 10 62 50 85 75 49 36 26 81 69 77 98 76 42 68 83 58 55 
14 35 30 84 43 42 95 4 8 22 12 49 3 74 11 54 59 38 55 96 16 36 17 93 35 93 36 3 28 46 11 42 82 93 78 77 35 74 81 95 96 45 44 0 71 7 6 31 97 61 79 14 97 96 7 84 41 43 40 21 42 51 15 76 96 94 53 31 
68 35 26 16 32 22 68 4 81 26 87 78 39 66 92 37 14 52 73 55 47 13 76 89 16 91 65 12 37 19 95 57 6 73 74 38 95 94 94 28 21 81 7 60 47 51 49 13 3 23 68 51 88 96 92 57 40 58 21 77 29 17 87 35 90 61 73 38 7 
20 66 28 1 25 41 49 29 42 62 32 17 83 35 6 31 80 15 71 38 36 1 67 5 88 54 48 1 79 86 60 99 4 89 1 82 82 2 11 24 16 95 42 99 83 0 83 63 15 6 1 3 59 20 9 99 74 57 52 5 95 13 5 51 54 6 85 36 8 96 
12 24 92 54 76 27 6 11 90 73 17 43 77 77 15 38 76 89 47 29 94 42 42 51 45 96 57 31 84 17 79 96 42 23 3 70 50 61 81 40 35 50 83 64 27 98 2 56 39 49 37 86 43 31 37 88 79 47 71 63 64 51 11 6 74 66 28 25 28 61 17 
15 12 53 79 91 51 81 47 43 82 36 29 25 67 18 65 98 65 89 61 30 40 25 88 66 43 69 43 71 30 61 86 42 14 65 86 17 98 33 60 32 22 41 9 89 12 27 88 77 16 1 59 8 78 48 74 22 17 70 45 99 31 32 94 97 49 80 14 0 13 27 84 
87 68 94 29 32 21 69 10 89 22 21 97 1 69 23 75 38 93 20 38 76 4 84 73 6 64 40 58 29 67 42 17 87 36 46 20 9 15 82 98 37 3 47 90 25 71 65 15 16 38 5 93 42 89 18 48 53 10 6 83 29 1 0 17 37 98 89 47 65 23 97 2 78 
45 45 3 68 10 19 84 48 76 29 43 66 48 91 19 10 50 54 40 51 6 9 40 4 98 39 69 73 37 24 51 34 69 55 2 31 26 86 80 2 68 23 68 68 66 40 78 68 94 18 71 53 27 64 57 77 3 79 50 92 55 2 78 24 9 80 55 35 19 87 89 87 62 10 
55 81 2 33 1 48 4 25 1 31 89 11 9 44 42 11 89 97 13 67 73 74 48 80 61 19 68 51 6 82 13 13 63 15 98 17 63 2 42 65 86 83 28 95 27 70 58 68 67 72 36 40 46 36 20 8 55 40 11 13 23 24 26 38 39 24 7 54 79 49 71 65 84 99 12 
12 69 70 32 36 94 68 28 93 56 1 1 11 41 64 76 16 40 54 7 31 31 14 85 10 16 57 75 52 56 87 16 26 9 49 14 4 17 95 97 74 96 50 37 37 14 66 6 54 20 65 37 51 31 22 61 99 31 88 52 88 27 68 66 37 17 32 41 87 27 38 13 23 88 50 13 
54 16 71 60 89 36 97 40 67 71 54 67 3 42 71 43 70 39 9 7 57 93 0 96 21 90 9 96 78 11 61 84 80 32 44 69 20 93 9 88 64 63 7 67 58 78 10 80 17 71 39 26 17 39 74 38 29 83 86 59 95 48 43 75 32 39 44 53 84 5 93 48 21 0 68 79 78 
30 11 47 2 50 26 19 89 0 9 70 36 47 81 31 47 24 58 32 15 54 85 99 59 78 99 80 30 67 11 60 50 22 7 52 24 85 23 65 38 84 35 74 83 16 5 31 92 15 63 59 69 0 10 80 78 62 61 60 29 24 20 31 99 79 83 75 65 58 41 3 94 28 77 78 97 34 61 
41 49 76 1 70 28 63 50 58 25 63 18 7 40 38 38 39 17 74 14 34 84 7 37 79 36 66 9 33 0 22 74 1 50 75 71 78 91 22 36 16 37 54 23 77 92 14 16 61 88 83 96 72 90 33 51 26 52 12 11 52 86 86 6 36 13 29 14 4 3 50 73 41 4 96 18 48 10 87 
10 50 70 58 23 12 43 26 91 95 91 2 0 77 88 6 14 54 35 28 10 39 79 83 80 35 32 50 36 94 37 46 45 7 56 68 72 99 46 63 95 37 65 95 15 6 1 29 12 88 57 22 79 88 6 11 76 38 62 12 32 99 10 29 59 66 49 31 65 96 46 60 33 63 55 0 21 8 29 33 
49 39 56 28 79 14 92 55 4 54 19 88 53 29 18 64 95 67 47 13 15 93 25 49 57 33 49 78 41 31 12 42 22 20 23 1 34 15 9 90 69 28 78 74 10 96 91 57 16 38 70 31 32 96 32 89 29 34 67 22 65 31 17 39 51 40 40 37 55 1 27 76 82 6 2 92 54 93 1 22 32 
72 54 64 20 38 5 1 72 24 75 89 56 92 28 59 32 21 97 39 22 76 67 56 34 70 48 41 63 2 63 47 74 69 63 46 8 68 99 32 45 74 22 1 67 50 60 51 71 9 43 46 38 10 2 72 80 3 13 96 5 29 95 31 98 59 29 58 79 28 91 24 2 13 77 21 15 38 25 39 99 68 37 
37 78 91 10 11 94 75 59 51 4 54 82 55 13 63 65 45 91 56 69 46 21 47 67 89 37 44 28 88 12 17 26 43 8 88 54 3 15 65 6 20 19 41 27 85 4 92 30 96 1 51 42 22 98 61 11 87 6 91 76 70 8 54 65 69 94 71 24 9 36 30 81 56 71 8 41 76 53 71 72 54 74 66 
76 73 79 40 12 37 83 40 8 44 94 25 13 88 97 37 98 33 19 79 89 91 40 82 19 93 5 43 47 80 9 75 5 40 15 17 78 51 58 38 95 4 63 60 45 60 49 43 94 68 74 35 11 66 70 30 59 75 73 58 55 34 34 12 75 1 30 53 52 40 43 99 44 6 11 89 19 60 84 65 29 11 0 92 
77 70 23 89 98 96 47 53 31 33 66 58 35 48 11 39 40 6 91 36 12 2 78 31 15 62 96 96 25 49 88 3 71 11 44 69 60 91 75 43 25 93 1 12 93 64 3 33 70 46 69 34 49 47 66 64 62 14 12 87 63 0 42 87 12 86 56 24 30 83 67 7 76 68 71 69 84 26 2 54 73 24 88 74 71 
6 90 85 73 2 25 88 2 67 75 14 6 84 90 88 67 57 47 44 25 18 65 61 44 20 15 17 44 56 91 67 14 81 5 87 35 30 76 38 97 3 4 55 87 95 43 55 52 90 51 30 60 68 91 57 88 59 74 84 67 18 4 81 51 9 21 87 39 97 77 88 0 81 44 40 76 39 95 81 82 98 11 42 66 54 99 
7 65 26 43 32 96 47 66 47 8 87 86 99 36 63 88 88 97 84 28 73 23 75 6 57 73 17 52 92 24 51 99 89 29 94 22 25 94 88 25 2 27 63 54 63 79 42 51 76 78 80 1 53 55 8 11 81 25 63 73 1 66 24 91 96 18 65 73 12 5 50 67 32 14 21 95 45 15 98 21 93 78 22 98 86 30 9 
67 8 24 40 9 91 64 0 39 34 17 64 99 22 15 66 54 81 39 1 26 6 0 99 51 30 21 49 16 52 59 83 12 83 23 21 26 39 74 17 74 91 82 73 14 97 91 20 30 82 22 8 88 74 7 91 4 28 40 21 32 51 4 44 87 80 18 13 71 92 31 97 83 13 22 49 62 13 70 44 47 44 52 87 18 59 78 22 
39 19 95 24 70 0 20 9 32 38 23 55 30 6 53 66 71 75 15 33 41 37 29 88 81 81 76 99 92 54 74 83 25 69 7 48 21 28 57 5 66 80 61 49 38 14 15 9 89 82 94 82 20 23 71 1 56 47 53 48 53 27 84 79 48 91 27 70 19 84 27 38 17 88 87 7 54 2 17 44 84 63 78 4 39 49 58 95 96 
63 96 2 90 80 81 90 23 60 12 43 96 40 81 13 28 68 73 83 22 42 79 6 5 57 63 44 59 73 92 55 36 40 9 78 72 90 68 95 50 81 38 47 73 71 12 1 91 85 36 13 79 67 72 85 25 35 81 84 8 25 91 44 65 1 74 37 43 42 33 46 75 23 93 48 47 57 2 38 95 38 52 74 6 24 11 83 11 93 19 
71 18 62 67 84 15 41 73 59 35 58 5 11 34 50 11 81 7 13 71 54 4 23 29 10 99 40 45 62 85 64 85 4 78 52 40 94 45 65 53 81 76 58 92 10 60 55 91 67 69 62 74 73 38 3 35 89 95 80 4 81 96 89 37 74 94 29 68 39 46 73 20 22 83 64 32 43 20 75 63 89 90 37 14 80 92 49 69 87 81 25 
20 77 15 9 3 9 38 24 48 37 97 21 59 81 37 92 24 57 19 87 98 9 24 64 89 16 13 11 56 94 36 28 23 3 38 27 64 28 51 65 65 0 86 25 81 23 69 58 33 88 45 83 50 22 48 39 90 61 2 46 8 91 75 31 46 13 10 11 93 13 76 59 14 62 36 47 37 5 5 70 45 51 54 95 25 54 35 15 15 89 62 23 
32 89 7 79 54 69 90 47 83 18 58 49 80 94 96 69 51 2 92 97 5 98 92 30 52 79 45 67 21 59 43 53 48 2 32 2 71 74 2 6 92 60 55 24 55 52 94 6 6 86 55 11 36 48 41 88 79 38 7 0 98 50 54 46 4 38 1 76 13 3 34 57 63 90 82 70 94 28 29 0 66 84 11 2 84 4 90 64 42 97 64 92 0 
70 91 4 9 92 32 22 47 67 79 62 57 13 33 51 41 62 3 7 98 14 9 83 70 51 99 64 49 63 57 49 34 48 53 43 92 86 17 39 53 48 53 62 14 86 65 55 0 68 15 99 34 24 34 4 28 33 20 77 48 77 78 82 77 83 77 69 69 46 60 74 95 14 88 9 52 53 16 53 73 31 4 7 8 90 63 36 23 84 65 71 13 43 6 
91 26 35 12 48 82 25 74 29 91 63 38 43 68 6 48 42 38 4 49 98 94 13 86 69 49 51 93 62 94 99 5 72 34 18 20 68 43 95 97 86 10 87 29 78 94 78 20 84 82 22 34 29 35 20 98 36 71 91 50 17 90 56 89 77 74 62 97 69 9 95 7 19 34 36 97 28 66 70 64 1 92 98 30 79 70 28 15 41 20 65 10 62 21 52 
91 47 14 89 68 23 36 75 94 70 64 91 51 30 61 15 83 5 66 13 84 36 94 99 30 14 17 40 28 90 44 72 38 58 13 58 33 49 86 79 71 50 71 22 32 84 90 16 42 56 81 26 92 75 78 22 89 95 15 70 85 59 42 75 70 7 86 55 56 72 35 79 74 58 2 6 94 44 74 36 0 56 63 44 31 41 19 73 88 34 95 73 45 89 1 15 
96 87 23 4 59 58 83 85 68 37 91 62 81 18 99 33 74 14 78 57 7 97 30 95 83 25 20 28 14 73 96 62 60 71 66 71 29 2 56 49 39 0 11 73 18 62 6 44 28 84 1 35 33 84 82 16 61 55 97 28 28 45 90 41 16 9 64 97 11 73 46 50 73 9 75 43 72 82 39 0 18 92 88 52 76 22 20 38 77 69 18 58 66 8 99 82 17 
15 79 80 88 77 83 13 87 58 8 11 40 47 63 11 40 51 15 68 74 87 58 3 57 76 61 23 85 12 58 54 28 89 87 68 67 70 82 54 28 90 65 21 90 80 32 82 32 47 50 58 34 9 61 43 85 75 67 22 87 77 29 67 66 16 36 33 86 18 39 66 60 56 87 50 37 19 32 21 66 35 79 53 44 92 96 81 67 15 56 55 92 37 74 59 5 10 44 
91 28 84 57 41 92 97 43 29 16 76 50 35 63 81 88 59 74 84 40 41 0 48 48 92 85 23 3 42 33 0 33 14 84 43 55 28 92 50 58 8 78 60 43 41 42 31 0 16 16 93 9 68 93 58 12 79 81 68 73 66 68 7 80 4 2 87 32 94 38 42 54 16 3 98 10 45 81 10 13 49 3 22 17 97 80 82 28 13 50 1 80 18 60 12 22 14 52 6 
60 42 49 67 58 52 17 20 49 98 31 62 48 86 36 17 35 17 99 15 82 1 69 14 19 81 27 93 48 31 0 60 73 49 27 83 53 44 4 2 43 35 16 43 73 52 12 9 21 64 76 4 65 45 18 85 79 97 30 27 28 30 87 1 31 15 37 36 11 41 90 6 28 6 49 53 59 14 14 32 78 91 36 43 88 7 80 67 4 11 46 85 93 34 38 77 1 75 13 12 
