65 
24 99 
64 14 24 
72 95 64 47 
42 44 14 96 10 
33 68 15 49 53 70 
67 59 69 67 71 29 54 
70 61 80 35 37 79 51 52 
55 75 99 20 23 41 64 89 89 
74 22 9 41 23 62 64 90 74 33 
57 45 62 12 67 75 92 54 65 23 5 
69 31 81 68 3 56 61 67 45 2 93 67 
11 86 42 74 50 33 48 36 90 45 98 2 12 
26 46 66 91 22 23 60 53 4 80 8 60 93 75 
57 95 20 76 6 6 19 32 9 52 32 45 42 77 95 
97 41 21 95 59 12 69 83 24 74 39 4 82 52 97 57 
9 44 29 86 51 88 5 35 49 9 68 94 3 97 41 52 39 
63 48 98 27 17 33 4 92 73 8 74 77 58 84 86 2 65 24 
5 53 81 93 54 90 61 48 94 10 42 46 1 57 46 52 84 64 85 
88 8 10 49 34 87 59 18 74 13 36 98 71 89 80 64 44 22 77 44 
16 87 38 15 89 95 61 41 80 25 26 20 85 89 21 20 76 80 90 50 46 
26 1 17 68 33 81 64 55 58 8 24 45 47 39 86 94 0 27 74 78 6 47 
15 95 68 35 23 1 26 74 47 52 27 64 72 12 97 36 67 55 97 43 52 96 82 
39 90 35 18 65 65 76 64 80 23 84 16 47 37 94 73 36 98 52 52 71 64 49 7 
83 56 4 27 9 0 61 0 91 96 18 8 13 47 24 94 70 8 62 69 98 8 42 34 6 
94 87 29 58 36 37 94 93 93 21 54 46 82 54 89 31 24 97 96 71 73 90 94 81 4 63 
31 12 6 66 71 52 53 0 63 41 37 57 86 83 78 40 29 12 94 18 95 71 67 92 42 40 34 
88 73 91 52 5 3 10 71 74 62 76 27 77 17 64 34 4 47 64 96 28 29 43 46 76 14 65 20 
8 57 55 97 31 46 1 88 1 11 11 28 25 39 55 55 56 71 89 12 71 6 61 99 87 4 98 63 18 
15 84 78 73 91 27 56 89 28 44 90 39 7 70 17 46 25 72 54 49 13 19 20 71 80 71 58 84 69 22 
54 85 58 32 58 49 60 14 38 40 10 80 80 17 51 49 15 76 73 69 25 86 88 97 58 68 69 16 4 90 90 
58 75 48 43 85 97 55 51 87 95 13 68 27 82 19 76 97 47 49 19 25 88 59 22 98 28 43 14 84 34 57 95 
9 57 38 47 55 45 98 94 40 12 62 68 94 81 96 44 81 98 63 6 38 22 80 36 2 24 2 87 58 59 34 67 17 
24 66 24 69 65 18 9 29 33 29 75 14 78 19 95 28 34 53 18 9 34 54 11 58 8 50 16 20 84 35 37 8 2 13 
29 19 83 91 0 16 20 75 83 50 47 30 30 33 84 48 42 70 2 6 80 11 56 96 31 93 83 20 53 37 85 83 8 20 74 
8 89 46 36 72 49 35 54 79 68 90 28 11 60 82 17 40 45 25 88 28 70 24 0 24 13 85 59 22 58 85 82 47 31 70 19 
32 5 25 12 26 16 92 37 76 74 6 69 72 83 9 0 54 85 53 30 99 38 89 73 48 74 55 95 57 26 14 90 83 92 2 9 8 
46 98 36 72 4 5 44 40 67 97 94 52 50 24 51 40 13 76 89 39 32 84 96 10 51 86 45 43 40 55 3 86 53 39 59 10 97 55 
50 64 52 96 68 54 20 20 47 85 48 36 24 80 72 72 42 75 59 88 70 51 95 73 90 48 13 49 10 10 56 12 26 61 8 94 15 80 66 
62 65 15 50 41 47 75 14 90 50 25 30 21 76 25 46 18 25 11 67 88 21 76 0 99 37 61 94 4 41 60 67 59 27 69 0 75 44 66 65 
