71 
16 48 
80 64 61 
2 39 47 59 
44 82 65 67 46 
75 34 19 68 42 19 
97 24 24 81 67 19 53 
67 52 69 90 68 69 22 84 
31 76 23 30 35 19 12 53 86 
10 28 72 82 96 15 1 45 39 78 
79 6 49 32 26 1 54 16 21 23 91 
5 6 67 80 37 55 99 1 8 38 64 88 
10 46 36 77 99 81 68 29 60 27 79 45 53 
32 99 21 54 22 12 11 29 80 92 18 35 43 71 
43 81 35 83 44 33 19 21 33 52 42 14 13 69 93 
58 22 26 9 43 32 83 56 43 64 88 87 82 23 31 54 
18 64 41 1 60 75 72 34 8 24 76 22 89 45 68 99 67 
46 8 62 78 92 70 73 56 58 61 39 81 44 45 51 60 86 4 
21 61 76 7 21 1 83 96 42 80 16 42 99 62 50 13 40 94 84 
13 51 42 26 42 76 70 39 27 83 25 32 56 39 60 63 12 13 98 60 
56 30 76 50 29 38 0 42 30 95 78 96 98 21 22 40 49 45 79 28 28 
56 12 84 47 73 99 60 38 49 20 94 79 97 44 60 87 97 2 18 44 81 14 
42 54 88 34 3 33 13 83 61 21 96 97 69 69 48 29 7 97 1 54 76 98 50 
36 38 47 91 56 43 24 22 85 30 10 19 85 44 84 68 57 6 64 7 75 85 55 56 
45 5 57 51 81 8 1 70 46 1 13 2 44 89 24 82 19 34 53 56 30 90 24 88 48 
41 95 23 78 2 31 23 7 88 74 41 96 28 63 42 29 28 96 25 17 72 59 88 7 65 44 
89 55 68 77 55 61 24 30 40 79 61 63 38 49 90 79 98 18 94 92 99 22 89 76 39 61 88 
27 20 53 71 62 60 92 91 15 53 16 45 93 47 58 9 85 59 99 17 57 69 11 50 68 34 91 96 
73 4 84 53 25 89 24 87 1 68 78 68 22 46 65 15 45 23 76 83 83 75 0 92 44 11 42 64 97 
85 13 23 90 97 76 67 39 52 6 40 21 36 61 95 35 26 62 80 2 39 63 85 14 15 77 11 79 72 75 
76 9 88 99 99 38 27 18 29 80 24 21 1 61 82 48 48 61 10 28 63 49 44 48 64 59 77 75 38 1 2 
67 63 43 66 62 33 94 33 62 26 57 83 79 70 18 27 18 79 37 99 42 87 95 42 51 54 71 78 45 25 32 12 
88 75 30 2 60 76 35 22 2 45 58 81 67 76 8 38 7 46 37 1 33 32 43 36 38 66 66 35 91 98 99 31 26 
30 86 86 6 21 61 61 18 19 42 86 47 51 24 6 49 13 7 34 97 2 70 87 68 36 23 12 86 22 43 12 4 81 51 
63 3 12 24 73 83 66 11 30 69 87 88 18 0 95 52 49 97 74 37 17 62 12 29 49 86 25 13 91 6 64 6 61 76 30 
87 59 48 98 41 70 86 29 40 38 76 45 40 25 19 77 43 34 89 24 83 27 49 96 18 8 61 76 69 89 58 56 1 7 7 42 
29 45 24 69 83 52 14 23 78 86 52 73 20 93 97 55 21 99 51 91 7 64 68 76 6 78 85 7 85 92 1 14 89 77 36 72 30 
50 48 8 88 52 33 8 98 30 63 19 29 67 62 36 83 82 65 89 61 2 48 98 46 50 65 35 27 1 59 57 3 59 17 92 12 50 52 
62 33 16 81 14 35 95 51 70 30 68 60 91 22 60 41 68 10 6 3 90 59 14 47 63 74 17 7 38 19 59 0 4 27 33 19 62 80 70 
33 10 90 45 53 12 5 95 32 68 53 87 58 13 1 57 28 27 26 35 65 46 94 17 50 22 50 69 36 83 91 69 93 33 66 99 97 72 94 29 
92 99 16 50 12 18 7 40 45 34 75 63 32 70 80 34 44 83 56 80 66 99 2 11 33 68 10 30 92 56 12 84 56 28 86 20 46 94 13 44 80 
88 7 64 10 39 98 6 22 54 87 40 6 89 4 91 9 66 21 2 23 85 38 31 14 25 51 60 71 16 56 51 5 63 15 67 55 65 74 77 72 13 70 
78 54 74 69 63 92 42 17 15 28 56 98 42 81 2 54 4 18 11 7 23 26 74 43 81 39 69 11 11 82 33 41 88 59 10 51 51 5 69 19 33 77 17 
27 10 19 81 14 38 44 21 13 23 95 8 56 86 77 19 98 11 52 91 99 63 2 3 15 7 72 86 92 1 3 19 11 23 52 25 13 49 98 26 24 45 87 80 
31 64 52 81 28 56 73 27 20 75 82 87 34 54 73 78 7 76 97 18 51 1 95 16 2 93 43 26 90 82 59 22 46 63 3 26 19 76 6 91 3 88 78 89 95 
3 67 2 32 16 21 83 18 16 0 72 62 95 51 4 77 10 26 75 73 30 2 44 58 8 36 62 48 66 3 43 70 71 46 2 87 67 37 57 35 89 30 49 36 81 54 
65 43 32 93 68 14 95 12 73 55 0 87 55 67 90 99 37 61 45 91 1 64 28 58 51 70 40 1 6 73 7 72 16 39 65 36 54 12 1 79 19 1 66 74 68 8 25 
57 22 70 48 23 86 29 33 38 99 74 91 57 47 98 81 16 89 98 52 95 62 53 74 81 7 92 8 27 53 85 85 75 56 85 50 94 66 35 32 17 61 23 75 61 73 56 77 
15 7 81 10 69 87 37 3 94 29 63 21 34 48 58 9 56 96 11 51 62 47 83 80 8 59 7 21 32 15 98 47 22 32 10 92 71 47 95 17 28 10 38 63 58 49 24 15 45 
36 66 59 35 1 39 95 60 46 17 45 14 67 44 36 51 54 28 22 53 75 39 82 85 30 97 96 31 21 11 76 9 29 35 96 82 27 92 43 25 61 40 39 80 84 76 32 91 56 6 
