51 
50 49 
21 48 82 
30 82 68 74 
73 88 18 60 87 
39 74 18 51 92 82 
16 47 5 54 96 36 75 
63 4 84 67 6 33 88 6 
68 70 41 88 45 14 76 63 26 
15 2 0 33 53 44 68 21 92 25 
76 88 61 3 3 17 87 70 75 73 59 
82 41 29 23 29 74 37 57 89 15 72 44 
15 58 49 12 26 23 4 51 99 44 65 2 47 
34 42 18 10 15 29 92 8 58 15 89 85 4 46 
74 19 70 70 86 28 20 98 54 43 54 58 94 98 23 
48 46 9 90 16 19 57 45 11 65 55 78 54 40 34 52 
67 5 23 37 44 51 57 94 58 52 49 16 46 99 91 95 97 
0 37 13 20 95 10 83 12 66 14 19 58 0 71 25 58 94 15 
2 46 72 48 4 25 49 72 23 49 63 70 46 15 8 12 87 55 22 
23 67 40 37 38 99 89 10 76 47 4 91 1 2 16 2 58 93 51 30 
16 0 45 87 47 61 47 11 48 2 33 23 21 26 60 60 25 2 70 53 1 
26 45 55 29 61 57 39 54 8 70 70 9 15 9 8 28 56 19 29 10 4 52 
32 82 65 44 59 19 66 13 20 92 58 75 73 71 32 13 25 41 35 47 2 2 57 
10 31 65 81 12 28 37 64 12 20 81 56 79 0 22 92 21 66 2 48 92 73 81 5 
50 74 40 98 76 94 7 86 25 72 19 89 0 56 6 64 28 87 20 8 40 94 52 13 13 
7 61 5 80 94 62 31 68 54 29 44 48 88 82 26 12 1 15 13 10 21 29 38 9 50 98 
1 96 3 14 9 10 27 66 90 22 28 73 90 82 54 87 83 42 69 9 55 23 24 20 85 46 49 
75 7 51 74 8 48 29 74 57 39 1 24 81 23 4 55 14 87 9 1 70 4 22 31 59 97 55 31 
82 1 80 58 60 32 84 20 80 13 94 89 4 96 65 85 19 70 40 85 9 2 38 31 58 61 62 17 58 
17 48 93 71 80 51 83 12 87 4 44 0 98 86 4 94 3 41 66 73 82 3 34 36 42 17 94 55 79 63 
65 49 63 58 72 43 61 7 8 48 11 4 0 62 42 4 8 46 46 74 71 80 78 6 68 72 23 62 27 55 77 
92 56 40 51 28 35 12 35 95 13 99 0 13 61 94 70 69 40 16 96 12 48 26 70 16 98 93 30 25 0 59 69 
56 99 72 36 86 37 72 82 50 71 34 63 84 28 33 53 69 1 1 33 49 27 3 17 25 48 99 2 49 58 72 57 9 
44 94 96 33 18 30 83 41 16 99 25 44 32 30 65 86 32 98 87 59 53 5 37 2 56 39 3 15 63 60 76 8 6 24 
