70 
32 66 
66 98 99 
80 95 37 95 
56 30 78 11 93 
67 22 79 77 68 53 
31 32 87 67 36 7 38 
26 63 58 48 95 25 14 94 
24 46 41 13 41 97 95 71 61 
89 39 83 68 16 3 73 99 35 60 
67 23 19 5 50 83 64 50 30 41 17 
76 17 63 17 30 5 67 77 76 28 66 67 
63 86 84 66 11 35 53 23 2 77 43 60 79 
78 76 81 8 69 98 85 86 62 2 68 19 21 97 
47 49 64 15 64 2 51 30 14 38 36 37 93 65 32 
53 44 10 81 25 71 50 76 56 88 90 10 8 9 32 5 
8 33 21 75 50 24 78 32 90 17 68 79 10 33 12 15 29 
74 96 7 45 98 83 1 86 73 64 46 34 48 3 42 33 25 70 
83 1 48 16 91 65 36 70 27 70 34 42 51 9 90 58 54 88 41 
8 26 66 24 72 0 72 76 95 57 53 65 93 54 13 61 97 31 97 19 
10 19 54 53 71 63 43 81 69 32 23 77 10 41 1 83 94 25 11 89 35 
64 6 28 70 71 89 67 54 38 86 65 58 92 18 81 55 13 62 77 97 37 54 
8 31 8 43 25 85 54 66 20 18 72 0 40 95 41 7 50 80 45 67 90 38 37 
71 45 50 85 22 48 23 29 8 54 89 51 31 74 5 97 47 75 21 99 15 68 41 74 
70 73 19 37 63 57 74 86 55 25 71 77 25 46 6 33 0 47 36 83 22 41 80 21 68 
53 20 35 22 13 9 92 86 28 30 49 38 56 35 93 81 59 22 58 5 81 43 58 28 79 41 
2 72 74 23 92 27 96 27 1 61 36 94 48 17 76 49 7 32 37 52 66 96 26 76 1 7 20 
11 88 51 53 90 76 79 66 68 6 14 96 60 75 84 54 23 53 82 25 12 66 62 16 32 10 43 9 
63 50 81 75 90 32 80 81 60 59 99 29 17 13 77 77 88 13 83 64 67 65 41 31 32 3 48 16 65 
91 77 28 93 58 55 84 43 35 17 3 94 68 32 12 81 61 89 21 75 25 37 94 90 30 25 74 85 73 91 
50 16 68 79 62 79 34 98 22 22 15 25 16 83 10 80 16 71 22 89 46 47 79 92 89 9 18 64 95 43 55 
45 12 75 76 74 54 63 72 76 85 39 54 53 74 64 86 90 87 8 31 34 7 62 26 96 72 96 12 19 40 67 16 
