50 
34 71 
43 81 59 
49 71 71 9 
36 35 32 25 31 
12 71 89 27 85 86 
68 12 2 91 73 55 87 
88 27 93 39 13 16 82 94 
75 83 17 47 92 5 34 76 30 
17 88 1 7 68 39 45 88 51 48 
79 77 55 19 65 34 64 56 47 81 90 
41 8 73 58 55 17 15 90 93 46 59 34 
99 66 2 38 12 90 42 60 22 71 15 41 88 
50 57 45 49 38 35 91 47 61 1 54 78 17 96 
24 15 56 58 14 74 60 53 86 50 95 98 72 66 66 
65 6 68 23 51 17 13 39 60 12 0 62 67 30 31 15 
54 46 23 12 60 98 72 65 36 75 12 35 47 30 53 65 37 
73 88 88 90 53 27 3 66 79 65 33 10 48 0 64 46 24 77 
58 74 1 24 10 76 88 97 76 19 50 41 8 23 81 48 66 34 28 
69 0 7 86 85 17 86 86 34 32 62 11 90 36 12 66 98 41 55 96 
17 26 98 58 34 74 91 82 92 25 10 61 26 70 99 63 39 85 1 73 69 
63 36 11 51 1 78 50 42 85 98 11 63 48 69 49 22 12 83 66 37 46 79 
15 16 78 79 55 15 80 81 84 96 17 96 99 70 26 49 12 63 99 23 26 48 44 
75 22 56 58 89 46 4 68 61 72 99 92 28 14 25 9 51 21 78 99 20 49 25 22 
13 88 73 37 66 73 33 93 48 90 51 37 88 8 57 49 80 8 42 60 75 19 21 26 40 
52 77 12 1 2 86 14 42 12 3 60 85 89 53 33 31 56 22 19 64 32 68 97 92 62 57 
67 81 31 45 73 83 22 38 36 76 76 50 70 40 6 30 26 95 83 11 26 40 86 45 56 70 65 
53 62 80 63 82 13 46 27 39 29 50 29 65 78 5 67 49 98 25 31 76 20 15 87 98 7 25 95 
15 95 13 21 10 93 36 92 58 82 71 97 11 73 26 28 52 84 47 1 82 73 84 58 93 51 97 44 58 
75 91 26 22 4 47 32 49 83 76 8 65 48 57 28 21 36 8 73 20 55 26 54 28 11 64 74 62 13 18 
73 88 9 99 63 66 98 95 15 81 72 75 98 72 33 78 93 69 86 67 41 41 45 47 70 8 11 44 71 76 14 
