35 
60 81 
31 64 38 
67 32 32 18 
95 72 52 33 95 
47 93 58 0 27 14 
80 59 65 78 56 91 43 
22 15 18 57 76 51 41 92 
90 8 24 74 79 19 46 31 4 
93 30 50 52 82 77 66 62 89 31 
93 45 74 36 20 90 6 29 66 58 70 
58 0 79 34 74 58 5 72 41 10 66 23 
60 18 6 89 36 68 78 19 13 76 93 49 96 
35 56 77 1 66 48 11 66 27 97 92 37 3 64 
30 65 30 53 77 0 11 18 88 32 49 7 45 77 53 
95 73 88 3 50 42 69 50 5 35 29 3 27 66 58 43 
96 75 26 2 4 26 13 22 67 45 23 26 91 0 79 38 25 
20 41 28 62 10 78 19 97 8 74 76 26 84 19 75 59 45 29 
63 24 42 38 43 40 13 69 83 14 1 21 39 21 62 67 35 24 98 
54 21 58 29 49 84 13 68 11 25 66 40 40 42 35 30 85 75 44 6 
58 58 7 31 49 28 45 69 63 21 67 70 42 77 51 91 61 16 11 25 41 
29 65 34 71 52 64 8 27 8 15 37 18 22 20 68 3 65 89 18 38 8 88 
80 85 91 23 98 8 87 23 1 16 41 35 40 93 52 48 73 60 15 10 31 38 83 
51 41 0 40 59 39 48 0 71 85 91 95 83 51 34 7 53 50 48 40 42 41 92 91 
14 5 6 77 36 96 60 87 89 60 79 49 51 27 1 23 12 92 70 47 96 4 54 49 6 
54 41 49 96 34 40 62 91 98 91 27 95 51 66 36 64 45 37 67 24 38 90 88 83 60 35 
79 64 90 80 71 44 21 20 92 7 12 7 98 10 98 77 57 2 43 94 18 88 31 85 12 22 76 
52 5 36 88 36 53 30 68 24 26 89 96 71 49 8 78 47 70 28 25 28 30 20 74 0 9 57 86 
73 79 14 26 36 2 66 24 55 96 92 31 22 82 27 93 31 35 23 30 6 52 7 86 34 28 60 35 89 
69 73 62 49 87 40 37 89 6 62 97 2 54 28 77 88 56 22 71 91 46 54 49 50 61 35 84 41 47 71 
