63 
7 52 
70 61 56 
29 82 72 11 
71 40 79 43 32 
81 57 12 63 11 40 
51 14 40 54 73 9 82 
85 72 49 1 31 1 71 93 
57 53 27 29 64 98 22 95 93 
6 29 3 19 44 14 59 96 81 0 
50 54 61 32 92 86 81 93 17 35 16 
62 92 69 89 74 86 39 48 33 33 54 14 
88 73 59 2 85 55 83 37 5 90 98 90 34 
84 71 27 54 6 95 68 51 17 58 77 3 49 25 
88 34 79 3 22 5 62 77 90 69 60 27 26 2 77 
16 36 62 40 15 68 46 11 36 49 28 46 26 83 96 3 
23 82 35 26 5 40 40 82 30 61 94 9 88 97 86 4 33 
0 44 1 68 43 12 57 44 92 3 23 27 51 26 50 34 61 29 
39 53 69 73 83 31 67 44 71 64 31 75 50 83 72 51 52 15 15 
61 11 59 64 34 86 68 61 36 2 74 17 93 28 87 66 63 70 33 8 
41 50 91 68 52 74 40 3 78 7 70 39 19 29 56 53 15 24 66 3 78 
41 21 71 21 60 89 84 30 22 44 23 24 87 43 76 62 84 31 92 43 1 84 
14 30 40 20 97 64 86 1 94 79 74 65 0 34 54 37 16 28 33 39 53 21 82 
81 35 18 65 27 14 66 11 28 49 3 48 46 19 35 99 13 66 73 78 19 7 84 56 
75 13 41 66 18 62 1 51 49 19 16 77 33 83 40 14 84 44 62 30 15 49 82 29 16 
55 7 35 15 44 43 90 57 36 57 27 99 10 30 48 29 47 77 15 82 70 81 66 66 43 48 
81 93 30 10 61 86 70 48 53 14 43 95 23 79 52 2 78 14 32 79 44 79 8 11 61 78 92 
79 44 87 28 78 32 10 88 93 48 58 41 1 24 84 97 47 64 1 49 94 16 34 25 12 13 34 75 
27 64 19 6 9 6 86 87 39 97 27 84 45 38 78 99 62 62 48 62 78 49 63 25 17 97 50 29 11 
36 56 90 1 75 48 62 34 35 1 73 84 28 9 81 66 87 32 81 2 80 43 32 30 58 57 99 56 60 81 
19 96 37 9 97 13 57 59 47 44 60 72 80 41 81 62 59 21 94 40 23 27 35 55 9 94 65 8 50 25 89 
69 73 27 30 71 92 39 82 39 84 95 63 16 88 96 78 47 17 25 40 92 52 75 48 61 69 13 21 71 90 11 92 
63 38 22 86 30 14 21 21 50 68 36 66 56 32 97 55 2 22 95 94 26 23 94 39 44 59 12 16 49 23 60 65 13 
